1 2 3
1 4 4
3 5 5
2 10 10
2 2
8 1
15 1

2 2 3
1 4 4
3 5 5
2 10 10
2 2
8 1
15 1

3 2 3
1 4 4
3 5 5
2 10 10
2 2
8 1
15 1

4 2 3
1 4 4
3 5 5
2 10 10
2 2
8 1
15 1

5 2 3
1 4 4
3 5 5
2 10 10
2 2
8 1
15 1

6 2 3
1 4 4
3 5 5
2 10 10
2 2
8 1
15 1

7 2 3
1 4 4
3 5 5
2 10 10
2 2
8 1
15 1

8 2 3
1 4 4
3 5 5
2 10 10
2 2
8 1
15 1

9 2 3
1 4 4
3 5 5
2 10 10
2 2
8 1
15 1

10 2 3
1 4 4
3 5 5
2 10 10
2 2
8 1
15 1

11 2 3
1 4 4
3 5 5
2 10 10
2 2
8 1
15 1

12 2 3
1 4 4
3 5 5
2 10 10
2 2
8 1
15 1

13 2 3
1 4 4
3 5 5
2 10 10
2 2
8 1
15 1

14 2 3
1 4 4
3 5 5
2 10 10
2 2
8 1
15 1

15 2 3
1 4 4
3 5 5
2 10 10
2 2
8 1
15 1

16 2 3
1 4 4
3 5 5
2 10 10
2 2
8 1
15 1

17 2 3
1 4 4
3 5 5
2 10 10
2 2
8 1
15 1

18 2 3
1 4 4
3 5 5
2 10 10
2 2
8 1
15 1

19 2 3
1 4 4
3 5 5
2 10 10
2 2
8 1
15 1

20 2 3
1 4 4
3 5 5
2 10 10
2 2
8 1
15 1

21 2 3
1 4 4
3 5 5
2 10 10
2 2
8 1
15 1

0 0 0

