1 2 2
1 5 5
4 10 10
8 20 20
5 1
12 1

2 2 2
1 5 5
4 10 10
8 20 20
5 1
12 1

3 2 2
1 5 5
4 10 10
8 20 20
5 1
12 1

4 2 2
1 5 5
4 10 10
8 20 20
5 1
12 1

5 2 2
1 5 5
4 10 10
8 20 20
5 1
12 1

6 2 2
1 5 5
4 10 10
8 20 20
5 1
12 1

7 2 2
1 5 5
4 10 10
8 20 20
5 1
12 1

8 2 2
1 5 5
4 10 10
8 20 20
5 1
12 1

9 2 2
1 5 5
4 10 10
8 20 20
5 1
12 1

10 2 2
1 5 5
4 10 10
8 20 20
5 1
12 1

11 2 2
1 5 5
4 10 10
8 20 20
5 1
12 1

12 2 2
1 5 5
4 10 10
8 20 20
5 1
12 1

13 2 2
1 5 5
4 10 10
8 20 20
5 1
12 1

14 2 2
1 5 5
4 10 10
8 20 20
5 1
12 1

15 2 2
1 5 5
4 10 10
8 20 20
5 1
12 1

16 2 2
1 5 5
4 10 10
8 20 20
5 1
12 1

17 2 2
1 5 5
4 10 10
8 20 20
5 1
12 1

18 2 2
1 5 5
4 10 10
8 20 20
5 1
12 1

19 2 2
1 5 5
4 10 10
8 20 20
5 1
12 1

20 2 2
1 5 5
4 10 10
8 20 20
5 1
12 1

21 2 2
1 5 5
4 10 10
8 20 20
5 1
12 1

0 0 0

